12cm単装砲 [1, 1, 1, 1]
12.7cm連装砲 [1, 1, 1, 1]
10cm連装高角砲 [1, 1, 1, 16]
14cm単装砲 [1, 1, 2, 2]
15.5cm三連装砲 [1, 1, 2, 2]
20.3cm連装砲 [1, 1, 2, 2]
35.6cm連装砲 [1, 1, 3, 3]
41cm連装砲 [1, 1, 3, 3]
46cm三連装砲 [1, 1, 3, 3]
12.7cm連装高角砲 [1, 2, 4, 16]
15.2cm単装砲 [1, 2, 4, 4]
15.5cm三連装副砲 [1, 2, 4, 4]
61cm三連装魚雷 [2, 3, 5, 5]
61cm四連装魚雷 [2, 3, 5, 5]
61cm四連装(酸素)魚雷 [2, 3, 5, 5]
九七式艦攻 [3, 5, 8, 8]
天山 [3, 5, 8, 8]
流星 [3, 5, 8, 8]
九六式艦戦 [3, 5, 6, 6]
零式艦戦21型 [3, 5, 6, 6]
零式艦戦52型 [3, 5, 6, 6]
烈風 [3, 5, 6, 6]
九九式艦爆 [3, 5, 7, 7]
彗星 [3, 5, 7, 7]
零式水上偵察機 [5, 7, 10, 10]
瑞雲 [5, 7, 11, 10]
13号対空電探 [5, 8, 12, 11]
22号対水上電探 [5, 8, 12, 11]
33号対水上電探 [5, 8, 12, 11]
21号対空電探 [5, 8, 13, 11]
32号対水上電探 [5, 8, 13, 11]
14号対空電探 [5, 8, 13, 11]
改良型艦本式タービン [6, 31, 17, 19]
強化型艦本式缶 [6, 31, 17, 19]
三式弾 [4, 28, 18, 12]
九一式徹甲弾 [4, 25, 19, 13]
7.7mm機銃 [4, 6, 21, 15]
12.7mm単装機銃 [4, 6, 21, 15]
25mm連装機銃 [4, 6, 21, 15]
25mm三連装機銃 [4, 6, 21, 15]
甲標的 [2, 4, 22, 5]
応急修理要員 [6, 30, 23, 14]
応急修理女神 [6, 30, 23, 14]
九四式爆雷投射機 [7, 32, 15, 17]
三式爆雷投射機 [7, 32, 15, 17]
九三式水中聴音機 [7, 10, 14, 18]
三式水中探信儀 [7, 10, 14, 18]
12.7cm単装高角砲 [1, 1, 1, 16]
25mm単装機銃 [4, 6, 21, 15]
20.3cm(3号)連装砲 [1, 1, 2, 2]
12cm30連装噴進砲 [4, 29, 21, 15]
流星改 [3, 5, 8, 8]
烈風改 [3, 5, 6, 6]
彩雲 [5, 7, 9, 9]
紫電改二 [3, 5, 6, 6]
震電改 [3, 5, 6, 6]
彗星一二型甲 [3, 5, 7, 7]
61cm五連装(酸素)魚雷 [2, 3, 5, 5]
零式水上観測機 [5, 7, 10, 10]
零式艦戦62型(爆戦) [3, 5, 7, 7]
二式艦上偵察機 [5, 7, 9, 9]
試製晴嵐 [5, 7, 11, 10]
12.7cm連装砲B型改二 [1, 1, 1, 1]
Ju87C改 [3, 5, 7, 7]
15.2cm連装砲 [1, 1, 2, 2]
8cm高角砲 [1, 2, 4, 16]
53cm艦首(酸素)魚雷 [2, 3, 5, 5]
大発動艇 [8, 14, 24, 20]
カ号観測機 [3, 15, 25, 21]
三式指揮連絡機(対潜) [3, 16, 26, 22]
10cm連装高角砲(砲架) [1, 2, 4, 16]
増設バルジ(中型艦) [6, 17, 27, 23]
増設バルジ(大型艦) [6, 17, 28, 23]
探照灯 [8, 18, 29, 24]
ドラム缶(輸送用) [9, 19, 30, 25]
38cm連装砲 [1, 1, 3, 3]
15cm連装副砲 [1, 2, 4, 4]
12.7cm単装砲 [1, 1, 1, 1]
瑞雲(六三四空) [5, 7, 11, 10]
瑞雲12型 [5, 7, 11, 10]
瑞雲12型(六三四空) [5, 7, 11, 10]
九七式艦攻(九三一空) [3, 5, 8, 8]
天山(九三一空) [3, 5, 8, 8]
2cm 四連装FlaK 38 [4, 6, 21, 15]
3.7cm FlaK M42 [4, 6, 21, 15]
艦艇修理施設 [10, 20, 31, 26]
新型高温高圧缶 [6, 31, 17, 19]
22号対水上電探改四 [5, 8, 12, 11]
21号対空電探改 [5, 8, 13, 11]
20.3cm(2号)連装砲 [1, 1, 2, 2]
12.7cm連装高角砲(後期型) [1, 2, 1, 16]
毘式40mm連装機銃 [4, 6, 21, 15]
九七式艦攻(友永隊) [3, 5, 8, 8]
天山一二型(友永隊) [3, 5, 8, 8]
潜水艦53cm艦首魚雷(8門) [2, 3, 32, 5]
零式艦戦21型(熟練) [3, 5, 6, 6]
九九式艦爆(熟練) [3, 5, 7, 7]
九七式艦攻(熟練) [3, 5, 8, 8]
九九式艦爆(江草隊) [3, 5, 7, 7]
彗星(江草隊) [3, 5, 7, 7]
照明弾 [11, 21, 33, 27]
九八式水上偵察機(夜偵) [5, 7, 10, 10]
試製35.6cm三連装砲 [1, 1, 3, 3]
35.6cm連装砲(ダズル迷彩) [1, 1, 3, 3]
試製41cm三連装砲 [1, 1, 3, 3]
13号対空電探改 [5, 8, 12, 11]
艦隊司令部施設 [12, 22, 34, 28]
熟練艦載機整備員 [13, 23, 35, 29]
零戦52型丙(六〇一空) [3, 5, 6, 6]
烈風(六〇一空) [3, 5, 6, 6]
彗星(六〇一空) [3, 5, 7, 7]
天山(六〇一空) [3, 5, 8, 8]
流星(六〇一空) [3, 5, 8, 8]
38cm連装砲改 [1, 1, 3, 3]
Ar196改 [5, 7, 10, 10]
一式徹甲弾 [4, 25, 19, 13]
試製46cm連装砲 [1, 1, 3, 3]
紫雲 [5, 7, 10, 10]
14cm連装砲 [1, 1, 2, 2]
91式高射装置 [14, 24, 36, 30]
94式高射装置 [14, 24, 36, 30]
10cm連装高角砲+高射装置 [1, 1, 1, 16]
SKC34 20.3cm連装砲 [1, 1, 2, 2]
FuMO25 レーダー [5, 8, 13, 11]
61cm三連装(酸素)魚雷 [2, 3, 5, 5]
WG42 (Wurfgerät 42) [15, 26, 37, 31]
試製FaT仕様九五式酸素魚雷改 [2, 3, 32, 5]
試製51cm連装砲 [1, 1, 3, 3]
熟練見張員 [16, 27, 39, 32]
12.7cm高角砲+高射装置 [1, 2, 4, 16]
25mm三連装機銃 集中配備 [4, 6, 21, 15]
零式水中聴音機 [7, 10, 40, 18]
381mm/50 三連装砲 [1, 1, 3, 3]
OTO 152mm三連装速射砲 [1, 2, 4, 4]
90mm単装高角砲 [1, 2, 4, 16]
プリエーゼ式水中防御隔壁 [6, 17, 28, 23]
381mm/50 三連装砲改 [1, 1, 3, 3]
二式大艇 [17, 33, 41, 33]
15.2cm連装砲改 [1, 1, 2, 2]
96式150cm探照灯 [8, 18, 42, 24]
32号対水上電探改 [5, 8, 13, 11]
15m二重測距儀+21号電探改二 [5, 8, 13, 11]
九七式艦攻(村田隊) [3, 5, 8, 8]
天山一二型(村田隊) [3, 5, 8, 8]
戦闘糧食 [18, 34, 43, 34]
洋上補給 [19, 35, 44, 35]
120mm連装砲 [1, 1, 1, 1]
試製南山 [3, 5, 7, 7]
四式水中聴音機 [7, 10, 14, 18]
5inch単装砲 [1, 1, 1, 1]
5inch連装砲 [1, 1, 1, 1]
3inch単装高角砲 [1, 1, 1, 16]
5inch単装高射砲 [1, 1, 2, 2]
8inch三連装砲 [1, 1, 2, 2]
6inch連装速射砲 [1, 1, 2, 2]
14inch連装砲 [1, 1, 3, 3]
16inch連装砲 [1, 1, 3, 3]
16inch三連装砲 [1, 1, 3, 3]
5inch単装高射砲 [1, 2, 4, 16]
6inch単装砲 [1, 2, 4, 4]
12.5inch連装副砲 [1, 2, 4, 4]
21inch魚雷前期型 [2, 3, 5, 5]
21inch魚雷後期型 [2, 3, 5, 5]
高速深海魚雷 [2, 3, 5, 5]
深海棲艦攻 [3, 5, 8, 8]
深海棲艦攻 Mark.II [3, 5, 8, 8]
深海棲艦攻 Mark.III [3, 5, 8, 8]
深海棲艦戦 [3, 5, 6, 6]
深海棲艦戦 Mark.II [3, 5, 6, 6]
深海棲艦戦 Mark.III [3, 5, 6, 6]
飛び魚艦戦 [3, 5, 6, 6]
深海棲艦爆 [3, 5, 7, 7]
深海棲艦爆 Mark.II [3, 5, 7, 7]
深海棲艦偵察機 [5, 7, 10, 10]
飛び魚偵察機 [5, 7, 10, 10]
対空レーダ― Mark.I [5, 8, 12, 11]
水上レーダ― Mark.I [5, 8, 12, 11]
水上レーダ― Mark.II [5, 8, 12, 11]
対空レーダ― Mark.II [5, 8, 13, 11]
深海水上レーダー [5, 8, 13, 11]
深海対空レーダ― [5, 8, 13, 11]
改良型深海タービン [6, 9, 17, 19]
強化型深海缶 [6, 9, 17, 19]
対空散弾 [4, 6, 18, 12]
劣化徹甲弾 [4, 25, 19, 13]
12.7mm機銃 [4, 6, 21, 15]
20mm機銃 [4, 6, 21, 15]
40mm二連装機関砲 [4, 6, 21, 15]
40mm四連装機関砲 [4, 6, 21, 15]
深海烏賊魚雷 [2, 3, 22, 5]
深海爆雷投射機 [7, 9, 15, 17]
深海ソナー [7, 10, 14, 18]
深海爆雷投射機 Mk.II [7, 9, 15, 17]
深海ソナー Mk.II [7, 10, 14, 18]
飛び魚艦爆 [3, 5, 7, 7]
深海猫艦戦 [3, 5, 6, 6]
深海地獄艦爆 [3, 5, 7, 7]
深海復讐艦攻 [3, 5, 8, 8]
5inch連装両用莢砲 [1, 1, 1, 16]
20inch連装砲 [1, 1, 3, 3]
15inch要塞砲 [1, 1, 3, 3]
4inch連装両用砲+CIC [1, 1, 1, 16]
深海水上攻撃機 [5, 7, 11, 10]
深海水上攻撃機改 [5, 7, 11, 10]
深海猫艦戦改 [3, 5, 6, 6]
深海地獄艦爆改 [3, 5, 7, 7]
深海復讐艦攻改 [3, 5, 8, 8]
深海FCS+CIC [7, 10, 14, 18]

